0.00 0.00 0 15 
0.00 0.00 0 15 
0.00 0.00 0 15 
0.00 0.00 0 15 
0.00 0.00 0 15 
0.00 0.00 0 15 
0.00 0.00 0 15 
0.00 0.00 0 15 
0.00 0.00 0 15 
0.00 0.00 0 15 
0.00 0.00 0 15 
0.00 0.00 0 15 
0.00 0.00 0 15 
0.00 0.00 0 15 
0.00 0.00 0 15 
0.00 0.00 0 15 
3.22 -3.38 0 15 
5.34 -5.93 0 15 
7.46 -8.46 0 15 
9.22 -10.39 0 15 
10.41 -11.37 0 15 
10.85 -11.14 0 15 
10.61 -9.75 0 15 
9.86 -7.51 0 15 
8.76 -4.72 0 15 
7.48 -1.65 0 15 
6.16 1.49 0 15 
4.98 4.42 0 15 
4.00 7.02 0 15 
3.39 9.01 0 15 
3.25 10.23 0 15 
3.69 10.51 0 15 
4.68 9.85 0 15 
6.23 8.24 0 15 
8.19 5.99 0 15 
10.29 3.53 0 15 
12.12 1.50 0 15 
13.45 0.19 0 15 
14.02 -0.12 0 15 
13.80 0.58 0 15 
12.86 2.27 0 15 
11.60 4.36 0 15 
10.13 6.58 0 15 
8.48 8.77 0 15 
6.87 10.65 0 15 
5.50 12.04 0 15 
4.52 12.72 0 15 
4.07 12.48 0 15 
4.26 11.16 0 15 
5.12 8.73 0 15 
6.57 5.36 0 15 
8.37 1.42 0 15 
10.12 -2.42 0 15 
11.39 -5.49 0 15 
11.89 -7.30 0 15 
11.56 -7.75 0 15 
10.59 -7.14 0 15 
9.16 -5.73 0 15 
7.43 -3.90 0 15 
5.62 -1.90 0 15 
3.91 -0.08 0 15 
2.39 1.44 0 15 
1.27 2.30 0 15 
0.69 2.28 0 15 
0.75 1.19 0 15 
1.52 -0.98 0 15 
2.95 -4.05 0 15 
4.83 -7.60 0 15 
7.08 -11.54 0 15 
8.61 -14.12 0 15 
9.46 -15.35 0 15 
9.62 -15.07 0 15 
9.18 -13.55 0 15 
8.31 -11.18 0 15 
7.15 -8.29 0 15 
5.83 -5.14 0 15 
4.50 -1.99 0 15 
3.32 0.93 0 15 
2.40 3.41 0 15 
1.91 5.19 0 15 
1.91 6.20 0 15 
2.49 6.21 0 15 
3.68 5.24 0 15 
5.41 3.40 0 15 
7.47 0.96 0 15 
9.57 -1.49 0 15 
11.33 -3.39 0 15 
12.46 -4.26 0 15 
12.87 -3.98 0 15 
12.62 -2.59 0 15 
11.88 -0.40 0 15 
10.81 2.33 0 15 
9.62 5.28 0 15 
8.35 8.30 0 15 
7.15 11.05 0 15 
6.11 13.23 0 15 
5.33 14.76 0 15 
5.11 15.17 0 15 
5.43 14.44 0 15 
6.28 12.45 0 15 
7.65 9.35 0 15 
9.39 5.57 0 15 
11.12 1.78 0 15 
12.39 -1.28 0 15 
12.99 -3.21 0 15 
12.77 -3.82 0 15 
11.85 -3.30 0 15 
10.49 -2.06 0 15 
8.81 -0.26 0 15 
7.02 1.70 0 15 
5.26 3.60 0 15 
3.72 5.15 0 15 
2.55 6.08 0 15 
1.91 6.15 0 15 
1.89 5.20 0 15 
2.56 3.12 0 15 
3.88 -0.01 0 15 
5.65 -3.90 0 15 
7.52 -7.95 0 15 
8.99 -11.37 0 15 
9.81 -13.71 0 15 
9.79 -14.64 0 15 
9.07 -14.19 0 15 
7.90 -12.70 0 15 
6.29 -10.22 0 15 
4.72 -7.66 0 15 
3.21 -5.00 0 15 
1.98 -2.47 0 15 
1.06 -0.21 0 15 
0.61 1.42 0 15 
0.71 2.21 0 15 
1.43 2.02 0 15 
2.75 0.83 0 15 
4.52 -1.10 0 15 
6.63 -3.58 0 15 
8.72 -6.04 0 15 
10.40 -7.83 0 15 
11.40 -8.49 0 15 
11.69 -8.00 0 15 
11.32 -6.41 0 15 
10.51 -4.13 0 15 
9.38 -1.30 0 15 
8.10 1.79 0 15 
6.81 4.89 0 15 
5.66 7.78 0 15 
4.80 10.20 0 15 
4.29 12.03 0 15 
4.28 13.06 0 15 
4.83 13.15 0 15 
5.94 12.24 0 15 
7.54 10.32 0 15 
9.40 7.72 0 15 
11.57 4.34 0 15 
13.11 1.87 0 15 
13.92 0.34 0 15 
13.93 -0.20 0 15 
13.19 0.25 0 15 
11.91 1.46 0 15 
10.29 3.16 0 15 
8.52 5.09 0 15 
6.81 6.94 0 15 
5.23 8.58 0 15 
3.99 9.66 0 15 
3.23 9.93 0 15 
3.07 9.20 0 15 
3.56 7.40 0 15 
4.72 4.52 0 15 
6.33 0.89 0 15 
8.20 -3.13 0 15 
9.83 -6.79 0 15 
10.83 -9.43 0 15 
10.99 -10.69 0 15 
10.37 -10.64 0 15 
9.16 -9.63 0 15 
7.61 -8.07 0 15 
5.83 -6.10 0 15 
4.02 -4.11 0 15 
2.35 -2.31 0 15 
1.03 -0.89 0 15 
0.22 -0.04 0 15 
0.08 -0.02 0 15 
0.68 -1.04 0 15 
1.96 -2.94 0 15 
3.79 -5.42 0 15 
5.91 -8.11 0 15 
7.93 -10.55 0 15 
9.49 -12.17 0 15 
10.35 -12.62 0 15 
10.48 -11.83 0 15 
9.98 -10.03 0 15 
9.06 -7.52 0 15 
7.86 -4.56 0 15 
6.54 -1.42 0 15 
5.28 1.63 0 15 
4.14 4.49 0 15 
3.30 6.86 0 15 
2.88 8.54 0 15 
2.98 9.35 0 15 
3.67 9.20 0 15 
4.95 8.07 0 15 
6.68 6.20 0 15 
8.75 3.75 0 15 
10.80 1.38 0 15 
12.47 -0.38 0 15 
13.51 -1.10 0 15 
13.80 -0.66 0 15 
13.40 0.72 0 15 
12.48 2.67 0 15 
10.99 5.32 0 15 
9.50 7.81 0 15 
7.98 10.14 0 15 
6.53 12.01 0 15 
5.34 13.21 0 15 
4.58 13.57 0 15 
4.38 12.92 0 15 
4.83 11.16 0 15 
5.94 8.33 0 15 
7.50 4.77 0 15 
9.32 0.79 0 15 
10.93 -2.81 0 15 
11.94 -5.43 0 15 
12.12 -6.71 0 15 
11.53 -6.73 0 15 
10.35 -5.78 0 15 
8.78 -4.19 0 15 
7.01 -2.27 0 15 
5.19 -0.28 0 15 
3.52 1.48 0 15 
2.14 2.76 0 15 
1.23 3.30 0 15 
0.90 2.85 0 15 
1.26 1.28 0 15 
2.30 -1.41 0 15 
3.92 -4.97 0 15 
5.83 -8.84 0 15 
7.64 -12.28 0 15 
9.05 -14.83 0 15 
9.52 -15.67 0 15 
9.29 -15.09 0 15 
8.55 -13.32 0 15 
7.49 -10.74 0 15 
6.22 -7.74 0 15 
4.87 -4.57 0 15 
3.59 -1.51 0 15 
2.55 1.17 0 15 
1.80 3.36 0 15 
1.52 4.80 0 15 
1.80 5.33 0 15 
2.68 4.85 0 15 
4.11 3.50 0 15 
6.02 1.31 0 15 
8.16 -1.20 0 15 
10.15 -3.49 0 15 
11.63 -4.92 0 15 
12.46 -5.30 0 15 
12.53 -4.44 0 15 
12.01 -2.60 0 15 
11.08 -0.10 0 15 
9.90 2.82 0 15 
8.67 5.82 0 15 
7.45 8.85 0 15 
